-3 -3 -3 -3
-3 -3 -3 -3
-3 -3 -3 -3
-3 -3 -3 -3
-3 -3 -3 -3
-3 -3 -3 -3
-3 -3 -3 -3
-3 -3 -3 -3
-3 -3 -3 -3
-1e+15 -1e+15 -1e+15 -1e+15
-3 -3 -3 -3
-3 -3 -3 -3
-3 -3 -3 -3
-3 -3 -3 -3
-3 -3 -3 -3
-3 -3 -3 -3
-3 -3 -3 -3
-3 -3 -3 -3
-3 -3 -3 -3
-1e+15 -1e+15 -1e+15 -1e+15
-3 -3 -3 -3
-3 -3 -3 -3
-3 -3 -3 -3
-3 -3 -3 -3
-3 -3 -3 -3
-3 -3 -3 -3
-3 -3 -3 -3
-3 -3 -3 -3
-3 -3 -3 -3
-1e+15 -1e+15 -1e+15 -1e+15
-3 -3 -3 -3
-3 -3 -3 -3
-3 -3 -3 -3
-3 -3 -3 -3
-3 -3 -3 -3
-3 -3 -3 -3
-3 -3 -3 -3
-3 -3 -3 -3
-3 -3 -3 -3
-1e+15 -1e+15 -1e+15 -1e+15
-3 -3 -3 -3
-3 -3 -3 -3
-3 -3 -3 -3
-3 -3 -3 -3
-3 -3 -3 -3
-3 -3 -3 -3
-3 -3 -3 -3
-3 -3 -3 -3
-3 -3 -3 -3
-1e+15 -1e+15 -1e+15 -1e+15
-3 -3 -3 -3
-3 -3 -3 -3
-3 -3 -3 -3
-3 -3 -3 -3
-3 -3 -3 -3
-3 -3 -3 -3
-3 -3 -3 -3
-3 -3 -3 -3
-3 -3 -3 -3
100 100 100 100
-3 -3 -3 -3
-3 -3 -3 -3
-3 -3 -3 -3
-3 -3 -3 -3
-3 -3 -3 -3
-3 -3 -3 -3
-3 -3 -3 -3
-3 -3 -3 -3
-3 -3 -3 -3
100 100 100 100
-3 -3 -3 -3
-3 -3 -3 -3
-3 -3 -3 -3
-3 -3 -3 -3
-3 -3 -3 -3
-3 -3 -3 -3
-3 -3 -3 -3
-3 -3 -3 -3
-3 -3 -3 -3
100 100 100 100
-3 -3 -3 -3
-3 -3 -3 -3
-3 -3 -3 -3
-3 -3 -3 -3
-3 -3 -3 -3
-3 -3 -3 -3
-3 -3 -3 -3
-3 -3 -3 -3
-3 -3 -3 -3
100 100 100 100
-3 -3 -3 -3
-3 -3 -3 -3
-3 -3 -3 -3
-3 -3 -3 -3
-3 -3 -3 -3
-3 -3 -3 -3
-3 -3 -3 -3
-3 -3 -3 -3
-3 -3 -3 -3
100 100 100 100
